2 7.5 0 1.5 0 0 0
2 5.5 0 0.5 0 0 0
2 6.5 0 -1.5 0 0 0
2 7.5 0 -1.5 0 0 0
2 -1.5 0 -0.5 0 0 0
2 -1.5 0 -1.5 0 0 0
2 -1.5 0 0.5 0 0 0
2 -1.5 0 1.5 0 0 0
2 -0.5 0 1.5 0 0 0
2 0.5 0 1.5 0 0 0
2 1.5 0 1.5 0 0 0
2 -0.5 0 -1.5 0 0 0
2 0.5 0 -1.5 0 0 0
2 1.5 0 -1.5 0 0 0
2 -0.5 0 0.5 0 0 0
2 0.5 0 0.5 0 0 0
2 1.5 0 0.5 0 0 0
2 3.5 0 0.5 0 0 0
2 3.5 0 1.5 0 0 0
2 1.5 0 2.5 0 0 0
2 1.5 0 3.5 0 0 0
2 3.5 0 3.5 0 0 0
2 2.5 0 3.5 0 0 0
2 5.5 0 3.5 0 0 0
2 4.5 0 3.5 0 0 0
2 6.5 0 3.5 0 0 0
2 7.5 0 3.5 0 0 0
2 8.5 0 3.5 0 0 0
2 9.5 0 3.5 0 0 0
2 1.5 0 -2.5 0 0 0
2 1.5 0 -3.5 0 0 0
2 2.5 0 -3.5 0 0 0
2 3.5 0 -3.5 0 0 0
2 4.5 0 -3.5 0 0 0
2 5.5 0 -3.5 0 0 0
2 6.5 0 -3.5 0 0 0
2 7.5 0 -3.5 0 0 0
2 8.5 0 -3.5 0 0 0
2 3.5 0 -1.5 0 0 0
2 4.5 0 -1.5 0 0 0
2 4.5 0 1.5 0 0 0
2 5.5 0 1.5 0 0 0
2 6.5 0 1.5 0 0 0
2 7.5 0 0.5 0 0 0
2 6.5 0 0.5 0 0 0
2 4.5 0 0.5 0 0 0
2 5.5 0 -1.5 0 0 0
2 9.5 0 -2.5 0 0 0
2 9.5 0 -1.5 0 0 0
2 9.5 0 -3.5 0 0 0
2 9.5 0 -0.5 0 0 0
2 8.5 0 0.5 0 0 0
2 8.5 0 1.5 0 0 0
2 10.5 0 3.5 0 0 0
2 10.5 0 2.5 0 0 0
2 10.5 0 1.5 0 0 0
2 19.5 0 1.5 0 0 0
2 10.5 0 -0.5 0 0 0
2 19.5 0 -0.5 0 0 0
2 19.5 0 2.5 0 0 0
2 19.5 0 3.5 0 0 0
2 19.5 0 4.5 0 0 0
2 19.5 0 -1.5 0 0 0
2 19.5 0 -2.5 0 0 0
2 20.5 0 -2.5 0 0 0
2 21.5 0 -2.5 0 0 0
2 22.5 0 -2.5 0 0 0
2 23.5 0 -2.5 0 0 0
2 24.5 0 -2.5 0 0 0
2 25.5 0 -2.5 0 0 0
2 26.5 0 -2.5 0 0 0
2 27.5 0 -2.5 0 0 0
2 29.5 0 -2.5 0 0 0
2 29.5 0 -1.5 0 0 0
2 29.5 0 -0.5 0 0 0
2 28.5 0 -2.5 0 0 0
2 29.5 0 0.5 0 0 0
2 29.5 0 1.5 0 0 0
2 29.5 0 2.5 0 0 0
2 29.5 0 3.5 0 0 0
2 29.5 0 4.5 0 0 0
2 20.5 0 1.5 0 0 0
2 21.5 0 1.5 0 0 0
2 21.5 0 0.5 0 0 0
2 21.5 0 -0.5 0 0 0
2 22.5 0 -0.5 0 0 0
2 23.5 0 -0.5 0 0 0
2 24.5 0 -0.5 0 0 0
2 25.5 0 -0.5 0 0 0
2 26.5 0 -0.5 0 0 0
2 27.5 0 -0.5 0 0 0
2 28.5 0 1.5 0 0 0
2 27.5 0 1.5 0 0 0
2 26.5 0 1.5 0 0 0
2 24.5 0 1.5 0 0 0
2 25.5 0 1.5 0 0 0
2 23.5 0 1.5 0 0 0
2 21.5 0 4.5 0 0 0
2 20.5 0 3.5 0 0 0
2 20.5 0 4.5 0 0 0
2 20.5 0 2.5 0 0 0
2 21.5 0 2.5 0 0 0
2 21.5 0 3.5 0 0 0
2 22.5 0 3.5 0 0 0
2 23.5 0 3.5 0 0 0
2 24.5 0 3.5 0 0 0
2 26.5 0 3.5 0 0 0
2 25.5 0 3.5 0 0 0
2 27.5 0 3.5 0 0 0
2 29.5 0 5.5 0 0 0
2 19.5 0 5.5 0 0 0
2 20.5 0 5.5 0 0 0
2 21.5 0 5.5 0 0 0
2 22.5 0 5.5 0 0 0
2 22.5 0 4.5 0 0 0
2 22.5 0 6.5 0 0 0
2 22.5 0 7.5 0 0 0
2 22.5 0 8.5 0 0 0
2 22.5 0 9.5 0 0 0
2 24.5 0 5.5 0 0 0
2 25.5 0 5.5 0 0 0
2 26.5 0 5.5 0 0 0
2 27.5 0 5.5 0 0 0
2 28.5 0 5.5 0 0 0
2 24.5 0 6.5 0 0 0
2 24.5 0 7.5 0 0 0
2 24.5 0 8.5 0 0 0
2 24.5 0 9.5 0 0 0
2 25.5 0 6.5 0 0 0
2 25.5 0 7.5 0 0 0
2 25.5 0 8.5 0 0 0
2 25.5 0 9.5 0 0 0
2 26.5 0 9.5 0 0 0
2 26.5 0 8.5 0 0 0
2 26.5 0 6.5 0 0 0
2 26.5 0 7.5 0 0 0
2 20.5 0 9.5 0 0 0
2 20.5 0 8.5 0 0 0
2 20.5 0 7.5 0 0 0
2 20.5 0 6.5 0 0 0
2 21.5 0 6.5 0 0 0
2 21.5 0 7.5 0 0 0
2 21.5 0 8.5 0 0 0
2 21.5 0 9.5 0 0 0
2 10.5 0 -1.5 0 0 0
2 10.5 0 -2.5 0 0 0
2 10.5 0 -3.5 0 0 0
4 -0.5 0 -0.5 0 0 0
4 0.5 0 -0.5 0 0 0
4 1.5 0 -0.5 0 0 0
4 2.5 0 -2.5 0 0 0
4 2.5 0 -1.5 0 0 0
4 2.5 0 -0.5 0 0 0
4 2.5 0 0.5 0 0 0
4 2.5 0 1.5 0 0 0
4 2.5 0 2.5 0 0 0
4 4.5 0 2.5 0 0 0
4 3.5 0 2.5 0 0 0
4 5.5 0 2.5 0 0 0
4 6.5 0 2.5 0 0 0
4 7.5 0 2.5 0 0 0
4 8.5 0 2.5 0 0 0
4 9.5 0 2.5 0 0 0
4 9.5 0 1.5 0 0 0
4 9.5 0 0.5 0 0 0
4 10.5 0 0.5 0 0 0
4 8.5 0 -0.5 0 0 0
4 7.5 0 -0.5 0 0 0
4 6.5 0 -0.5 0 0 0
4 5.5 0 -0.5 0 0 0
4 4.5 0 -0.5 0 0 0
4 3.5 0 -0.5 0 0 0
4 8.5 0 -1.5 0 0 0
4 8.5 0 -2.5 0 0 0
4 7.5 0 -2.5 0 0 0
4 6.5 0 -2.5 0 0 0
4 5.5 0 -2.5 0 0 0
4 4.5 0 -2.5 0 0 0
4 3.5 0 -2.5 0 0 0
4 19.5 0 0.5 0 0 0
4 20.5 0 -0.5 0 0 0
4 20.5 0 0.5 0 0 0
4 28.5 0 -1.5 0 0 0
4 27.5 0 -1.5 0 0 0
4 26.5 0 -1.5 0 0 0
4 25.5 0 -1.5 0 0 0
4 24.5 0 -1.5 0 0 0
4 23.5 0 -1.5 0 0 0
4 22.5 0 -1.5 0 0 0
4 21.5 0 -1.5 0 0 0
4 20.5 0 -1.5 0 0 0
4 28.5 0 -0.5 0 0 0
4 28.5 0 0.5 0 0 0
4 27.5 0 0.5 0 0 0
4 26.5 0 0.5 0 0 0
4 25.5 0 0.5 0 0 0
4 24.5 0 0.5 0 0 0
4 22.5 0 1.5 0 0 0
4 23.5 0 0.5 0 0 0
4 22.5 0 0.5 0 0 0
4 23.5 0 2.5 0 0 0
4 22.5 0 2.5 0 0 0
4 24.5 0 2.5 0 0 0
4 28.5 0 2.5 0 0 0
4 27.5 0 2.5 0 0 0
4 26.5 0 2.5 0 0 0
4 25.5 0 2.5 0 0 0
4 28.5 0 3.5 0 0 0
4 28.5 0 4.5 0 0 0
4 27.5 0 4.5 0 0 0
4 26.5 0 4.5 0 0 0
4 25.5 0 4.5 0 0 0
4 24.5 0 4.5 0 0 0
4 23.5 0 4.5 0 0 0
4 23.5 0 5.5 0 0 0
4 23.5 0 6.5 0 0 0
4 23.5 0 7.5 0 0 0
4 23.5 0 8.5 0 0 0
4 23.5 0 9.5 0 0 0
5 23.5 0 74.5 0 0 0
1 -0.5 2.5 -0.5 -90 0 0
1 0.5 2.5 -0.5 -90 0 0
1 1.5 2.5 -0.5 -90 0 0
1 2.5 2.5 -2.5 -90 0 0
1 2.5 2.5 -1.5 -90 0 0
1 2.5 2.5 -0.5 -90 0 0
1 2.5 2.5 0.5 -90 0 0
1 2.5 2.5 1.5 -90 0 0
1 2.5 2.5 2.5 -90 0 0
1 4.5 2.5 2.5 -90 0 0
1 3.5 2.5 2.5 -90 0 0
1 5.5 2.5 2.5 -90 0 0
1 6.5 2.5 2.5 -90 0 0
1 7.5 2.5 2.5 -90 0 0
1 8.5 2.5 2.5 -90 0 0
1 9.5 2.5 2.5 -90 0 0
1 9.5 2.5 1.5 -90 0 0
1 9.5 2.5 0.5 -90 0 0
1 10.5 2.5 0.5 -90 0 0
1 8.5 2.5 -0.5 -90 0 0
1 7.5 2.5 -0.5 -90 0 0
1 6.5 2.5 -0.5 -90 0 0
1 5.5 2.5 -0.5 -90 0 0
1 4.5 2.5 -0.5 -90 0 0
1 3.5 2.5 -0.5 -90 0 0
1 8.5 2.5 -1.5 -90 0 0
1 8.5 2.5 -2.5 -90 0 0
1 7.5 2.5 -2.5 -90 0 0
1 6.5 2.5 -2.5 -90 0 0
1 5.5 2.5 -2.5 -90 0 0
1 4.5 2.5 -2.5 -90 0 0
1 3.5 2.5 -2.5 -90 0 0
1 19.5 2.5 0.5 -90 0 0
1 20.5 2.5 -0.5 -90 0 0
1 20.5 2.5 0.5 -90 0 0
1 28.5 2.5 -1.5 -90 0 0
1 27.5 2.5 -1.5 -90 0 0
1 26.5 2.5 -1.5 -90 0 0
1 25.5 2.5 -1.5 -90 0 0
1 24.5 2.5 -1.5 -90 0 0
1 23.5 2.5 -1.5 -90 0 0
1 22.5 2.5 -1.5 -90 0 0
1 21.5 2.5 -1.5 -90 0 0
1 20.5 2.5 -1.5 -90 0 0
1 28.5 2.5 -0.5 -90 0 0
1 28.5 2.5 0.5 -90 0 0
1 27.5 2.5 0.5 -90 0 0
1 26.5 2.5 0.5 -90 0 0
1 25.5 2.5 0.5 -90 0 0
1 24.5 2.5 0.5 -90 0 0
1 22.5 2.5 1.5 -90 0 0
1 23.5 2.5 0.5 -90 0 0
1 22.5 2.5 0.5 -90 0 0
1 23.5 2.5 2.5 -90 0 0
1 22.5 2.5 2.5 -90 0 0
1 24.5 2.5 2.5 -90 0 0
1 28.5 2.5 2.5 -90 0 0
1 27.5 2.5 2.5 -90 0 0
1 26.5 2.5 2.5 -90 0 0
1 25.5 2.5 2.5 -90 0 0
1 28.5 2.5 3.5 -90 0 0
1 28.5 2.5 4.5 -90 0 0
1 27.5 2.5 4.5 -90 0 0
1 26.5 2.5 4.5 -90 0 0
1 25.5 2.5 4.5 -90 0 0
1 24.5 2.5 4.5 -90 0 0
1 23.5 2.5 4.5 -90 0 0
1 23.5 2.5 5.5 -90 0 0
1 23.5 2.5 6.5 -90 0 0
1 23.5 2.5 7.5 -90 0 0
1 23.5 2.5 8.5 -90 0 0
1 23.5 2.5 9.5 -90 0 0
3 11.5 2.64 0.5 -90 -90 0
3 12.5 2.64 0.5 -90 -90 0
3 13.5 2.64 0.5 -90 -90 0
3 14.5 2.64 0.5 -90 -90 0
3 15.5 2.64 0.5 -90 -90 0
3 16.5 2.64 0.5 -90 -90 0
3 17.5 2.64 0.5 -90 -90 0
3 18.5 2.64 0.5 -90 -90 0
3 23.5 2.64 10.5 -90 0 0
3 23.5 2.64 11.5 -90 0 0
3 23.5 2.64 12.5 -90 0 0
3 23.5 2.64 13.5 -90 0 0
3 23.5 2.64 14.5 -90 0 0
3 23.5 2.64 15.5 -90 0 0
3 23.5 2.64 16.5 -90 0 0
3 23.5 2.64 17.5 -90 0 0
3 23.5 2.64 18.5 -90 0 0
3 23.5 2.64 19.5 -90 0 0
3 23.5 2.64 20.5 -90 0 0
3 23.5 2.64 21.5 -90 0 0
3 23.5 2.64 22.5 -90 0 0
3 23.5 2.64 23.5 -90 0 0
3 23.5 2.64 24.5 -90 0 0
3 23.5 2.64 25.5 -90 0 0
3 23.5 2.64 26.5 -90 0 0
3 23.5 2.64 27.5 -90 0 0
3 23.5 2.64 28.5 -90 0 0
3 23.5 2.64 29.5 -90 0 0
3 23.5 2.64 30.5 -90 0 0
3 23.5 2.64 31.5 -90 0 0
3 23.5 2.64 32.5 -90 0 0
3 23.5 2.64 33.5 -90 0 0
3 23.5 2.64 34.5 -90 0 0
3 23.5 2.64 35.5 -90 0 0
3 23.5 2.64 36.5 -90 0 0
3 23.5 2.64 37.5 -90 0 0
3 23.5 2.64 38.5 -90 0 0
3 23.5 2.64 39.5 -90 0 0
3 23.5 2.64 40.5 -90 0 0
3 23.5 2.64 41.5 -90 0 0
3 23.5 2.64 42.5 -90 0 0
3 23.5 2.64 43.5 -90 0 0
3 23.5 2.64 44.5 -90 0 0
3 23.5 2.64 45.5 -90 0 0
3 23.5 2.64 46.5 -90 0 0
3 23.5 2.64 47.5 -90 0 0
3 23.5 2.64 48.5 -90 0 0
3 23.5 2.64 49.5 -90 0 0
3 23.5 2.64 50.5 -90 0 0
3 23.5 2.64 51.5 -90 0 0
3 23.5 2.64 52.5 -90 0 0
3 23.5 2.64 53.5 -90 0 0
3 23.5 2.64 54.5 -90 0 0
3 23.5 2.64 55.5 -90 0 0
3 23.5 2.64 56.5 -90 0 0
3 23.5 2.64 57.5 -90 0 0
3 23.5 2.64 58.5 -90 0 0
3 23.5 2.64 59.5 -90 0 0
3 23.5 2.64 60.5 -90 0 0
3 23.5 2.64 61.5 -90 0 0
3 23.5 2.64 62.5 -90 0 0
3 23.5 2.64 63.5 -90 0 0
3 23.5 2.64 64.5 -90 0 0
3 23.5 2.64 65.5 -90 0 0
3 23.5 2.64 66.5 -90 0 0
3 23.5 2.64 67.5 -90 0 0
3 23.5 2.64 68.5 -90 0 0
3 23.5 2.64 69.5 -90 0 0
3 23.5 2.64 70.5 -90 0 0
3 23.5 2.64 71.5 -90 0 0
3 23.5 2.64 72.5 -90 0 0
3 23.5 2.64 73.5 -90 0 0
0 -0.524 2.8 -0.457 0 0 0